0 001001001000001 42 52.475 69.4125 0.7 0.7 3 -1 0 0 0 0 2 0 0 0.35 0 0 0 0 0 1 1 5 
1 001001001000002 1 53.175 69.4125 0.7 0.7 3 -1 0 0 0 0 0 -0.35 0 0.35 0 0 0 0 0 1 0 
2 001001001000003 1 53.875 69.4125 0.7 0.7 3 -1 0 0 0 0 0 -0.35 0 0.35 0 0 0 0 0 1 0 
3 001001001000004 1 54.575 69.4125 0.7 0.7 3 -1 0 0 0 0 0 -0.35 0 0.35 0 0 0 0 0 1 0 
4 001001001000005 1 55.275 69.4125 0.7 0.7 3 -1 0 0 0 0 0 -0.35 0 0.35 0 0 0 0 0 1 0 
5 001001001000006 1 55.975 69.4125 0.7 0.7 3 -1 0 0 0 0 0 -0.35 0 0.35 0 0 0 0 0 1 0 
6 001001001000007 3 56.6197 70.3275 0.7 0.7 3 -1 0 0 0 0 0 -0.35 -0.35 0.35 0.35 0 0 0 0 1 0 
7 001001001000008 5 57.3197 70.9055 0.7 0.7 3 -1 0 0 0 0 0 -0.35 -0.175 0.35 0.175 0 0 0 0 1 0 
8 001001001000009 1 58.0656 71.0907 0.7 0.7 3 -1 0 0 0 0 0 -0.35 0 0.35 0 0 0 0 0 1 0 
9 001001001000010 1 58.7656 71.1907 0.7 0.7 3 -1 0 0 0 0 0 -0.35 0 0.35 0 0 0 0 0 1 0 
10 001001001000011 1 59.4656 71.1907 0.7 0.7 3 -1 0 0 0 0 0 -0.35 0 0.35 0 0 0 0 0 1 0 
11 001001001000012 1 60.1656 71.1907 0.7 0.7 3 -1 0 0 0 0 0 -0.35 0 0.35 0 0 0 0 0 1 0 
12 001001001000013 1 60.8656 71.1907 0.7 0.7 3 -1 0 0 0 0 0 -0.35 0 0.35 0 0 0 0 0 1 0 
13 001001001000014 1 61.5656 71.1907 0.7 0.7 3 -1 0 0 0 0 0 -0.35 0 0.35 0 0 0 0 0 1 0 
14 001001001000015 1 62.2656 71.2907 0.7 0.7 3 -1 0 0 0 0 0 -0.35 0 0.35 0 0 0 0 0 1 0 
15 001001001000016 1 62.9656 71.2907 0.7 0.7 3 -1 0 0 0 0 0 -0.35 0 0.35 0 0 0 0 0 1 0 
16 001001001000017 1 63.6656 71.2907 0.7 0.7 3 -1 0 0 0 0 0 -0.35 0 0.35 0 0 0 0 0 1 0 
17 001001001000018 1 64.3656 71.2907 0.7 0.7 3 -1 0 0 0 0 0 -0.35 0 0.35 0 0 0 0 0 1 0 
18 001001001000019 1 65.0656 71.2907 0.7 0.7 3 -1 0 0 0 0 0 -0.35 0 0.35 0 0 0 0 0 1 0 
19 001001001000020 1 65.7656 71.2907 0.7 0.7 3 -1 0 0 0 0 0 -0.35 0 0.35 0 0 0 0 0 1 0 
20 001001001000021 1 66.4656 71.2907 0.7 0.7 3 -1 0 0 0 0 0 -0.35 0 0.35 0 0 0 0 0 1 0 
21 001001001000022 1 67.1656 71.2907 0.7 0.7 3 -1 0 0 0 0 0 -0.35 0 0.35 0 0 0 0 0 1 0 
22 001001001000023 1 67.8656 71.2907 0.7 0.7 3 -1 0 0 0 0 0 -0.35 0 0.35 0 0 0 0 0 1 0 
23 001001001000024 1 68.5656 71.2907 0.7 0.7 3 -1 0 0 0 0 0 -0.35 0 0.35 0 0 0 0 0 1 0 
24 001001001000025 1 69.2656 71.2907 0.7 0.7 3 -1 0 0 0 0 0 -0.35 0 0.35 0 0 0 0 0 1 0 
25 001001001000026 1 69.9656 71.2907 0.7 0.7 3 -1 0 0 0 0 0 -0.35 0 0.35 0 0 0 0 0 1 0 
26 001001001000027 1 70.6656 71.2907 0.7 0.7 3 -1 0 0 0 0 0 -0.35 0 0.35 0 0 0 0 0 1 0 
27 001001001000028 1 71.3656 71.2907 0.7 0.7 3 -1 0 0 0 0 0 -0.35 0 0.35 0 0 0 0 0 1 0 
28 001001001000029 1 72.0656 71.2907 0.7 0.7 3 -1 0 0 0 0 0 -0.35 0 0.35 0 0 0 0 0 1 0 
29 001001001000030 1 72.7656 71.2907 0.7 0.7 3 -1 0 0 0 0 0 -0.35 0 0.35 0 0 0 0 0 1 0 
30 001001001000031 1 73.4656 71.2907 0.7 0.7 3 -1 0 0 0 0 0 -0.35 0 0.35 0 0 0 0 0 1 0 
31 001001001000032 1 74.1656 71.2907 0.7 0.7 3 -1 0 0 0 0 0 -0.35 0 0.35 0 0 0 0 0 1 0 
32 001001001000033 1 74.8656 71.1907 0.7 0.7 3 -1 0 0 0 0 0 -0.35 0 0.35 0 0 0 0 0 1 0 
33 001001001000034 1 75.5656 71.1907 0.7 0.7 3 -1 0 0 0 0 0 -0.35 0 0.35 0 0 0 0 0 1 0 
34 001001001000035 1 76.2656 71.1907 0.7 0.7 3 -1 0 0 0 0 0 -0.35 0 0.35 0 0 0 0 0 1 0 
35 001001001000036 1 76.9656 71.1907 0.7 0.7 3 -1 0 0 0 0 0 -0.35 0 0.35 0 0 0 0 0 1 0 
36 001001001000037 1 77.6656 71.0907 0.7 0.7 3 -1 0 0 0 0 0 -0.35 0 0.35 0 0 0 0 0 1 0 
37 001001001000038 1 78.3656 71.0907 0.7 0.7 3 -1 0 0 0 0 0 -0.35 0 0.35 0 0 0 0 0 1 0 
38 001001001000039 8 79.1051 71.3604 0.7 0.7 3 -1 0 0 0 0 0 0.175 0.35 -0.175 -0.35 0 0 0 0 1 0 
39 001001001000040 2 79.3074 72.1407 0.7 0.7 3 -1 0 0 0 0 0 0 -0.35 0 0.35 0 0 0 0 1 0 
40 001001001000041 2 79.2682 72.8565 0.7 0.7 3 -1 0 0 0 0 0 0 -0.35 0 0.35 0 0 0 0 1 0 
41 001001001000042 2 79.2682 73.6353 0.7 0.7 3 -1 0 0 0 0 0 0 -0.35 0 0.35 0 0 0 0 1 0 
42 001001001000043 2 79.2682 74.4353 0.7 0.7 3 -1 0 0 0 0 0 0 -0.35 0 0.35 0 0 0 0 1 0 
43 001001001000044 2 79.2682 75.1353 0.7 0.7 3 -1 0 0 0 0 0 0 -0.35 0 0.35 0 0 0 0 1 0 
44 001001001000045 2 79.1682 75.8353 0.7 0.7 3 -1 0 0 0 0 0 0 -0.35 0 0.35 0 0 0 0 1 0 
45 001001001000046 2 79.1682 76.5353 0.7 0.7 3 -1 0 0 0 0 0 0 -0.35 0 0.35 0 0 0 0 1 0 
46 001001001000047 2 79.0682 77.2353 0.7 0.7 3 -1 0 0 0 0 0 0 -0.35 0 0.35 0 0 0 0 1 0 
47 001001001000048 2 79.0682 77.9353 0.7 0.7 3 -1 0 0 0 0 0 0 -0.35 0 0.35 0 0 0 0 1 0 
48 001001001000049 2 79.1682 78.6353 0.7 0.7 3 -1 0 0 0 0 0 0 -0.35 0 0.35 0 0 0 0 1 0 
49 001001001000050 2 79.1682 79.3353 0.7 0.7 3 -1 0 0 0 0 0 0 -0.35 0 0.35 0 0 0 0 1 0 
50 001001001000051 2 79.1682 80.0353 0.7 0.7 3 -1 0 0 0 0 0 0 -0.35 0 0.35 0 0 0 0 1 0 
51 001001001000052 2 79.1682 80.7353 0.7 0.7 3 -1 0 0 0 0 0 0 -0.35 0 0.35 0 0 0 0 1 0 
52 001001001000053 2 79.1682 81.4353 0.7 0.7 3 -1 0 0 0 0 0 0 -0.35 0 0.35 0 0 0 0 1 0 
53 001001001000054 2 79.1682 82.1353 0.7 0.7 3 -1 0 0 0 0 0 0 -0.35 0 0.35 0 0 0 0 1 0 
54 001001001000055 2 79.1682 82.8353 0.7 0.7 3 -1 0 0 0 0 0 0 -0.35 0 0.35 0 0 0 0 1 0 
55 001001001000056 2 79.1682 83.5353 0.7 0.7 3 -1 0 0 0 0 0 0 -0.35 0 0.35 0 0 0 0 1 0 
56 001001001000057 2 79.1682 84.2353 0.7 0.7 3 -1 0 0 0 0 0 0 -0.35 0 0.35 0 0 0 0 1 0 
57 001001001000058 2 79.1682 84.9353 0.7 0.7 3 -1 0 0 0 0 0 0 -0.35 0 0.35 0 0 0 0 1 0 
58 001001001000059 2 79.1682 85.6353 0.7 0.7 3 -1 0 0 0 0 0 0 -0.35 0 0.35 0 0 0 0 1 0 
59 001001001000060 2 79.1682 86.3353 0.7 0.7 3 -1 0 0 0 0 0 0 -0.35 0 0.35 0 0 0 0 1 0 
60 001001001000061 2 79.1682 87.0353 0.7 0.7 3 -1 0 0 0 0 0 0 -0.35 0 0.35 0 0 0 0 1 0 
61 001001001000062 2 79.1682 87.7353 0.7 0.7 3 -1 0 0 0 0 0 0 -0.35 0 0.35 0 0 0 0 1 0 
62 001001001000063 2 79.1682 88.4353 0.7 0.7 3 -1 0 0 0 0 0 0 -0.35 0 0.35 0 0 0 0 1 0 
63 001001001000064 2 79.1682 89.1353 0.7 0.7 3 -1 0 0 0 0 0 0 -0.35 0 0.35 0 0 0 0 1 0 
64 001001001000065 2 79.1682 89.8353 0.7 0.7 3 -1 0 0 0 0 0 0 -0.35 0 0.35 0 0 0 0 1 0 
65 001001001000066 2 79.1682 90.5353 0.7 0.7 3 -1 0 0 0 0 0 0 -0.35 0 0.35 0 0 0 0 1 0 
66 001001001000067 2 79.1682 91.2353 0.7 0.7 3 -1 0 0 0 0 0 0 -0.35 0 0.35 0 0 0 0 1 0 
67 001001001000068 2 79.1682 91.9353 0.7 0.7 3 -1 0 0 0 0 0 0 -0.35 0 0.35 0 0 0 0 1 0 
68 001001001000069 3 79.4182 92.6353 0.7 0.7 3 -1 0 0 0 0 0 -0.35 -0.35 0.35 0.35 0 0 0 0 1 0 
69 001001001000070 1 80.1182 92.9853 0.7 0.7 3 -1 0 0 0 0 0 -0.35 0 0.35 0 0 0 0 0 1 0 
70 001001001000071 1 80.8182 92.9853 0.7 0.7 3 -1 0 0 0 0 0 -0.35 0 0.35 0 0 0 0 0 1 0 
71 001001001000072 4 81.5182 92.6353 0.7 0.7 3 -1 0 0 0 0 0 -0.35 0.35 0.35 -0.35 0 0 0 0 1 0 
72 001001001000073 4 82.2182 91.9353 0.7 0.7 3 -1 0 0 0 0 0 -0.35 0.35 0.35 -0.35 0 0 0 0 1 0 
73 001001001000074 2 82.5682 91.2353 0.7 0.7 3 -1 0 0 0 0 0 0 -0.35 0 0.35 0 0 0 0 1 0 
74 001001001000075 2 82.5682 90.5353 0.7 0.7 3 -1 0 0 0 0 0 0 -0.35 0 0.35 0 0 0 0 1 0 
75 001001001000076 2 82.5682 89.8353 0.7 0.7 3 -1 0 0 0 0 1 0 -0.35 0 0.35 0 0 0 0 1 1 5 
76 001001001000077 2 82.5682 89.1353 0.7 0.7 3 -1 0 0 0 0 0 0 -0.35 0 0.35 0 0 0 0 1 0 
77 001001001000078 2 82.5682 88.4353 0.7 0.7 3 -1 0 0 0 0 0 0 -0.35 0 0.35 0 0 0 0 1 0 
78 001001001000079 3 82.2182 87.7353 0.7 0.7 3 -1 0 0 0 0 0 -0.35 -0.35 0.35 0.35 0 0 0 0 1 0 
79 001001001000080 3 81.5182 87.0353 0.7 0.7 3 -1 0 0 0 0 0 -0.35 -0.35 0.35 0.35 0 0 0 0 1 0 
80 001001001000081 3 81.0182 86.3353 0.7 0.7 3 -1 0 0 0 0 0 -0.35 -0.35 0.35 0.35 0 0 0 0 1 0 
81 001001001000082 2 80.5453 85.5108 0.7 0.7 3 -1 0 0 0 0 0 0 -0.35 0 0.35 0 0 0 0 1 0 
82 001001001000083 2 80.5453 84.7108 0.7 0.7 3 -1 0 0 0 0 0 0 -0.35 0 0.35 0 0 0 0 1 0 
83 001001001000084 2 80.5453 83.9108 0.7 0.7 3 -1 0 0 0 0 0 0 -0.35 0 0.35 0 0 0 0 1 0 
84 001001001000085 2 80.5453 83.1108 0.7 0.7 3 -1 0 0 0 0 0 0 -0.35 0 0.35 0 0 0 0 1 0 
85 001001001000086 2 80.5453 82.4108 0.7 0.7 3 -1 0 0 0 0 0 0 -0.35 0 0.35 0 0 0 0 1 0 
86 001001001000087 2 80.5453 81.7108 0.7 0.7 3 -1 0 0 0 0 0 0 -0.35 0 0.35 0 0 0 0 1 0 
87 001001001000088 2 80.5453 81.0108 0.7 0.7 3 -1 0 0 0 0 0 0 -0.35 0 0.35 0 0 0 0 1 0 
88 001001001000089 2 80.5453 80.3108 0.7 0.7 3 -1 0 0 0 0 0 0 -0.35 0 0.35 0 0 0 0 1 0 
89 001001001000090 2 80.5453 79.6108 0.7 0.7 3 -1 0 0 0 0 0 0 -0.35 0 0.35 0 0 0 0 1 0 
90 001001001000091 2 80.6453 78.9108 0.7 0.7 3 -1 0 0 0 0 0 0 -0.35 0 0.35 0 0 0 0 1 0 
91 001001001000092 2 80.8453 78.2108 0.7 0.7 3 -1 0 0 0 0 0 0 -0.35 0 0.35 0 0 0 0 1 0 
92 001001001000093 2 80.8453 77.5108 0.7 0.7 3 -1 0 0 0 0 0 0 -0.35 0 0.35 0 0 0 0 1 0 
93 001001001000094 2 80.8453 76.8108 0.7 0.7 3 -1 0 0 0 0 0 0 -0.35 0 0.35 0 0 0 0 1 0 
94 001001001000095 2 80.9453 76.1108 0.7 0.7 3 -1 0 0 0 0 0 0 -0.35 0 0.35 0 0 0 0 1 0 
95 001001001000096 2 80.9453 75.4108 0.7 0.7 3 -1 0 0 0 0 0 0 -0.35 0 0.35 0 0 0 0 1 0 
96 001001001000097 2 80.9453 74.7108 0.7 0.7 3 -1 0 0 0 0 0 0 -0.35 0 0.35 0 0 0 0 1 0 
97 001001001000098 2 80.9453 74.0108 0.7 0.7 3 -1 0 0 0 0 0 0 -0.35 0 0.35 0 0 0 0 1 0 
98 001001001000099 2 80.9453 73.3108 0.7 0.7 3 -1 0 0 0 0 0 0 -0.35 0 0.35 0 0 0 0 1 0 
99 001001001000100 2 80.9453 72.6108 0.7 0.7 3 -1 0 0 0 0 0 0 -0.35 0 0.35 0 0 0 0 1 0 
100 001001001000101 2 80.9453 71.9108 0.7 0.7 3 -1 0 0 0 0 0 0 -0.35 0 0.35 0 0 0 0 1 0 
101 001001001000102 8 80.6173 71.2108 0.7 0.7 3 -1 0 0 0 0 0 0.175 0.35 -0.175 -0.35 0 0 0 0 1 0 
102 001001001000103 3 80.0393 70.5108 0.7 0.7 3 -1 0 0 0 0 0 -0.35 -0.35 0.35 0.35 0 0 0 0 1 0 
103 001001001000104 5 79.2393 69.9328 0.7 0.7 3 -1 0 0 0 0 0 -0.35 -0.175 0.35 0.175 0 0 0 0 1 0 
104 001001001000105 5 78.475 69.5405 0.7 0.7 3 -1 0 0 0 0 0 -0.35 -0.175 0.35 0.175 0 0 0 0 1 0 
105 001001001000106 1 77.675 69.3125 0.7 0.7 3 -1 0 0 0 0 0 -0.35 0 0.35 0 0 0 0 0 1 0 
106 001001001000107 1 76.975 69.3125 0.7 0.7 3 -1 0 0 0 0 0 -0.35 0 0.35 0 0 0 0 0 1 0 
107 001001001000108 1 76.275 69.2125 0.7 0.7 3 -1 0 0 0 0 0 -0.35 0 0.35 0 0 0 0 0 1 0 
108 001001001000109 1 75.575 69.2125 0.7 0.7 3 -1 0 0 0 0 0 -0.35 0 0.35 0 0 0 0 0 1 0 
109 001001001000110 1 74.875 69.2125 0.7 0.7 3 -1 0 0 0 0 0 -0.35 0 0.35 0 0 0 0 0 1 0 
110 001001001000111 1 74.175 69.2125 0.7 0.7 3 -1 0 0 0 0 0 -0.35 0 0.35 0 0 0 0 0 1 0 
111 001001001000112 1 73.475 69.2125 0.7 0.7 3 -1 0 0 0 0 0 -0.35 0 0.35 0 0 0 0 0 1 0 
112 001001001000113 1 72.775 69.2125 0.7 0.7 3 -1 0 0 0 0 0 -0.35 0 0.35 0 0 0 0 0 1 0 
113 001001001000114 1 72.075 69.3125 0.7 0.7 3 -1 0 0 0 0 0 -0.35 0 0.35 0 0 0 0 0 1 0 
114 001001001000115 1 71.375 69.3125 0.7 0.7 3 -1 0 0 0 0 0 -0.35 0 0.35 0 0 0 0 0 1 0 
115 001001001000116 1 70.675 69.4125 0.7 0.7 3 -1 0 0 0 0 0 -0.35 0 0.35 0 0 0 0 0 1 0 
116 001001001000117 1 69.975 69.4125 0.7 0.7 3 -1 0 0 0 0 0 -0.35 0 0.35 0 0 0 0 0 1 0 
117 001001001000118 1 69.275 69.4125 0.7 0.7 3 -1 0 0 0 0 0 -0.35 0 0.35 0 0 0 0 0 1 0 
118 001001001000119 1 68.575 69.4125 0.7 0.7 3 -1 0 0 0 0 0 -0.35 0 0.35 0 0 0 0 0 1 0 
119 001001001000120 1 67.875 69.4125 0.7 0.7 3 -1 0 0 0 0 0 -0.35 0 0.35 0 0 0 0 0 1 0 
120 001001001000121 1 67.175 69.4125 0.7 0.7 3 -1 0 0 0 0 0 -0.35 0 0.35 0 0 0 0 0 1 0 
121 001001001000122 1 66.475 69.4125 0.7 0.7 3 -1 0 0 0 0 0 -0.35 0 0.35 0 0 0 0 0 1 0 
122 001001001000123 1 65.775 69.4125 0.7 0.7 3 -1 0 0 0 0 0 -0.35 0 0.35 0 0 0 0 0 1 0 
123 001001001000124 1 65.075 69.4125 0.7 0.7 3 -1 0 0 0 0 0 -0.35 0 0.35 0 0 0 0 0 1 0 
124 001001001000125 1 64.375 69.4125 0.7 0.7 3 -1 0 0 0 0 0 -0.35 0 0.35 0 0 0 0 0 1 0 
125 001001001000126 1 63.675 69.4125 0.7 0.7 3 -1 0 0 0 0 0 -0.35 0 0.35 0 0 0 0 0 1 0 
126 001001001000127 1 62.975 69.4125 0.7 0.7 3 -1 0 0 0 0 0 -0.35 0 0.35 0 0 0 0 0 1 0 
127 001001001000128 1 62.275 69.4125 0.7 0.7 3 -1 0 0 0 0 0 -0.35 0 0.35 0 0 0 0 0 1 0 
128 001001001000129 1 61.575 69.4125 0.7 0.7 3 -1 0 0 0 0 0 -0.35 0 0.35 0 0 0 0 0 1 0 
129 001001001000130 1 60.875 69.4125 0.7 0.7 3 -1 0 0 0 0 0 -0.35 0 0.35 0 0 0 0 0 1 0 
130 001001001000131 1 60.175 69.4125 0.7 0.7 3 -1 0 0 0 0 0 -0.35 0 0.35 0 0 0 0 0 1 0 
131 001001001000132 1 59.475 69.4125 0.7 0.7 3 -1 0 0 0 0 0 -0.35 0 0.35 0 0 0 0 0 1 0 
132 001001001000133 1 58.775 69.4125 0.7 0.7 3 -1 0 0 0 0 0 -0.35 0 0.35 0 0 0 0 0 1 0 
133 001001001000134 1 58.075 69.4125 0.7 0.7 3 -1 0 0 0 0 0 -0.35 0 0.35 0 0 0 0 0 1 0 
134 001001001000135 1 57.375 69.4125 0.7 0.7 3 -1 0 0 0 0 0 -0.35 0 0.35 0 0 0 0 0 1 0 
135 001001001000136 1 56.675 69.4125 0.7 0.7 3 -1 0 0 0 0 0 -0.35 0 0.35 0 0 0 0 0 1 0 
136 001001001000006 1 55.975 69.4125 0.7 0.7 3 -1 0 0 0 0 0 -0.35 0 0.35 0 0 0 0 0 1 0 
137 001001001000005 1 55.275 69.4125 0.7 0.7 3 -1 0 0 0 0 0 -0.35 0 0.35 0 0 0 0 0 1 0 
138 001001001000004 1 54.575 69.4125 0.7 0.7 3 -1 0 0 0 0 0 -0.35 0 0.35 0 0 0 0 0 1 0 
139 001001001000003 1 53.875 69.4125 0.7 0.7 3 -1 0 0 0 0 0 -0.35 0 0.35 0 0 0 0 0 1 0 
140 001001001000002 1 53.175 69.4125 0.7 0.7 3 -1 0 0 0 0 0 -0.35 0 0.35 0 0 0 0 0 1 0 
141 001001001000001 42 52.475 69.4125 0.7 0.7 3 -1 0 0 0 0 2 0 0 0.35 0 0 0 0 0 1 1 5 
