0 003001001002956 42 77.1202 70.6467 1 1 3 -1 0 0 0 0 2 0 0 0.5 0 0 0 0 0 1 1 5 
1 003001001002957 1 78.1202 70.6467 1 1 3 -1 0 0 0 0 0 -0.5 0 0.5 0 0 0 0 0 1 0 
2 003001001002958 1 79.1202 70.6467 1 1 3 -1 0 0 0 0 0 -0.5 0 0.5 0 0 0 0 0 1 0 
3 003001001002959 1 80.1202 70.6467 1 1 3 -1 0 0 0 0 0 -0.5 0 0.5 0 0 0 0 0 1 0 
4 003001001002960 1 81.1202 70.6467 1 1 3 -1 0 0 0 0 0 -0.5 0 0.5 0 0 0 0 0 1 0 
5 003001001002961 1 82.1202 70.6467 1 1 3 -1 0 0 0 0 0 -0.5 0 0.5 0 0 0 0 0 1 0 
6 003001001002962 1 83.1202 70.6467 1 1 3 -1 0 0 0 0 0 -0.5 0 0.5 0 0 0 0 0 1 0 
7 003001001002963 2 83.1696 71.6779 1 1 3 -1 0 0 0 0 0 0 -0.5 0 0.5 0 0 0 0 1 0 
8 003001001002964 2 83.1696 72.6779 1 1 3 -1 0 0 0 0 0 0 -0.5 0 0.5 0 0 0 0 1 0 
9 003001001002965 2 83.1696 73.6779 1 1 3 -1 0 0 0 0 0 0 -0.5 0 0.5 0 0 0 0 1 0 
10 003001001002966 2 83.1696 74.6779 1 1 3 -1 0 0 0 0 0 0 -0.5 0 0.5 0 0 0 0 1 0 
11 003001001002967 2 83.1696 75.6779 1 1 3 -1 0 0 0 0 0 0 -0.5 0 0.5 0 0 0 0 1 0 
12 003001001002968 2 83.1696 76.6779 1 1 3 -1 0 0 0 0 0 0 -0.5 0 0.5 0 0 0 0 1 0 
13 003001001002969 41 83.1696 77.6779 1 1 3 -1 0 0 0 0 1 0 0 0 -0.5 0 0 0 0 1 1 11 
14 003001001002968 2 83.1696 76.6779 1 1 3 -1 0 0 0 0 0 0 -0.5 0 0.5 0 0 0 0 1 0 
15 003001001002967 2 83.1696 75.6779 1 1 3 -1 0 0 0 0 0 0 -0.5 0 0.5 0 0 0 0 1 0 
16 003001001002966 2 83.1696 74.6779 1 1 3 -1 0 0 0 0 0 0 -0.5 0 0.5 0 0 0 0 1 0 
17 003001001002965 2 83.1696 73.6779 1 1 3 -1 0 0 0 0 0 0 -0.5 0 0.5 0 0 0 0 1 0 
18 003001001002964 2 83.1696 72.6779 1 1 3 -1 0 0 0 0 0 0 -0.5 0 0.5 0 0 0 0 1 0 
19 003001001002963 2 83.1696 71.6779 1 1 3 -1 0 0 0 0 0 0 -0.5 0 0.5 0 0 0 0 1 0 
20 003001001002962 1 83.1202 70.6467 1 1 3 -1 0 0 0 0 0 -0.5 0 0.5 0 0 0 0 0 1 0 
21 003001001002961 1 82.1202 70.6467 1 1 3 -1 0 0 0 0 0 -0.5 0 0.5 0 0 0 0 0 1 0 
22 003001001002960 1 81.1202 70.6467 1 1 3 -1 0 0 0 0 0 -0.5 0 0.5 0 0 0 0 0 1 0 
23 003001001002959 1 80.1202 70.6467 1 1 3 -1 0 0 0 0 0 -0.5 0 0.5 0 0 0 0 0 1 0 
24 003001001002958 1 79.1202 70.6467 1 1 3 -1 0 0 0 0 0 -0.5 0 0.5 0 0 0 0 0 1 0 
25 003001001002957 1 78.1202 70.6467 1 1 3 -1 0 0 0 0 0 -0.5 0 0.5 0 0 0 0 0 1 0 
26 003001001002956 42 77.1202 70.6467 1 1 3 -1 0 0 0 0 2 0 0 0.5 0 0 0 0 0 1 1 5 
