0 003001001002970 40 89.1202 70.6467 1 1 3 -1 0 0 0 0 2 0 0 -0.5 0 0 0 0 0 1 1 5 
1 003001001002971 1 88.1202 70.6467 1 1 3 -1 0 0 0 0 0 -0.5 0 0.5 0 0 0 0 0 1 0 
2 003001001002972 1 87.1202 70.6467 1 1 3 -1 0 0 0 0 0 -0.5 0 0.5 0 0 0 0 0 1 0 
3 003001001002973 1 86.1202 70.6467 1 1 3 -1 0 0 0 0 0 -0.5 0 0.5 0 0 0 0 0 1 0 
4 003001001002983 2 86.108 71.7369 1 1 3 -1 0 0 0 0 0 0 -0.5 0 0.5 0 0 0 0 1 0 
5 003001001002984 2 86.108 72.7369 1 1 3 -1 0 0 0 0 0 0 -0.5 0 0.5 0 0 0 0 1 0 
6 003001001002985 2 86.108 73.7369 1 1 3 -1 0 0 0 0 0 0 -0.5 0 0.5 0 0 0 0 1 0 
7 003001001002986 2 86.108 74.7369 1 1 3 -1 0 0 0 0 0 0 -0.5 0 0.5 0 0 0 0 1 0 
8 003001001002987 2 86.108 75.7369 1 1 3 -1 0 0 0 0 0 0 -0.5 0 0.5 0 0 0 0 1 0 
9 003001001002988 2 86.108 76.7369 1 1 3 -1 0 0 0 0 0 0 -0.5 0 0.5 0 0 0 0 1 0 
10 003001001002989 41 86.108 77.7369 1 1 3 -1 0 0 0 0 1 0 0 0 -0.5 0 0 0 0 1 1 11 
11 003001001002988 2 86.108 76.7369 1 1 3 -1 0 0 0 0 0 0 -0.5 0 0.5 0 0 0 0 1 0 
12 003001001002987 2 86.108 75.7369 1 1 3 -1 0 0 0 0 0 0 -0.5 0 0.5 0 0 0 0 1 0 
13 003001001002986 2 86.108 74.7369 1 1 3 -1 0 0 0 0 0 0 -0.5 0 0.5 0 0 0 0 1 0 
14 003001001002985 2 86.108 73.7369 1 1 3 -1 0 0 0 0 0 0 -0.5 0 0.5 0 0 0 0 1 0 
15 003001001002984 2 86.108 72.7369 1 1 3 -1 0 0 0 0 0 0 -0.5 0 0.5 0 0 0 0 1 0 
16 003001001002983 2 86.108 71.7369 1 1 3 -1 0 0 0 0 0 0 -0.5 0 0.5 0 0 0 0 1 0 
17 003001001002973 1 86.1202 70.6467 1 1 3 -1 0 0 0 0 0 -0.5 0 0.5 0 0 0 0 0 1 0 
18 003001001002972 1 87.1202 70.6467 1 1 3 -1 0 0 0 0 0 -0.5 0 0.5 0 0 0 0 0 1 0 
19 003001001002971 1 88.1202 70.6467 1 1 3 -1 0 0 0 0 0 -0.5 0 0.5 0 0 0 0 0 1 0 
20 003001001002970 40 89.1202 70.6467 1 1 3 -1 0 0 0 0 2 0 0 -0.5 0 0 0 0 0 1 1 5 
