0 003001001002956 42 77.1202 70.6467 1 1 3 -1 0 0 0 0 2 0 0 0.5 0 0 0 0 0 1 1 5 
1 003001001002957 1 78.1202 70.6467 1 1 3 -1 0 0 0 0 0 -0.5 0 0.5 0 0 0 0 0 1 0 
2 003001001002958 1 79.1202 70.6467 1 1 3 -1 0 0 0 0 0 -0.5 0 0.5 0 0 0 0 0 1 0 
3 003001001002959 1 80.1202 70.6467 1 1 3 -1 0 0 0 0 0 -0.5 0 0.5 0 0 0 0 0 1 0 
4 003001001002976 2 80.1106 71.7122 1 1 3 -1 0 0 0 0 0 0 -0.5 0 0.5 0 0 0 0 1 0 
5 003001001002977 2 80.1106 72.7122 1 1 3 -1 0 0 0 0 0 0 -0.5 0 0.5 0 0 0 0 1 0 
6 003001001002978 2 80.1106 73.7122 1 1 3 -1 0 0 0 0 0 0 -0.5 0 0.5 0 0 0 0 1 0 
7 003001001002979 2 80.1106 74.7122 1 1 3 -1 0 0 0 0 0 0 -0.5 0 0.5 0 0 0 0 1 0 
8 003001001002980 2 80.1106 75.7122 1 1 3 -1 0 0 0 0 0 0 -0.5 0 0.5 0 0 0 0 1 0 
9 003001001002981 2 80.1106 76.7122 1 1 3 -1 0 0 0 0 0 0 -0.5 0 0.5 0 0 0 0 1 0 
10 003001001002982 41 80.1106 77.7122 1 1 3 -1 0 0 0 0 1 0 0 0 -0.5 0 0 0 0 1 1 11 
11 003001001002981 2 80.1106 76.7122 1 1 3 -1 0 0 0 0 0 0 -0.5 0 0.5 0 0 0 0 1 0 
12 003001001002980 2 80.1106 75.7122 1 1 3 -1 0 0 0 0 0 0 -0.5 0 0.5 0 0 0 0 1 0 
13 003001001002979 2 80.1106 74.7122 1 1 3 -1 0 0 0 0 0 0 -0.5 0 0.5 0 0 0 0 1 0 
14 003001001002978 2 80.1106 73.7122 1 1 3 -1 0 0 0 0 0 0 -0.5 0 0.5 0 0 0 0 1 0 
15 003001001002977 2 80.1106 72.7122 1 1 3 -1 0 0 0 0 0 0 -0.5 0 0.5 0 0 0 0 1 0 
16 003001001002976 2 80.1106 71.7122 1 1 3 -1 0 0 0 0 0 0 -0.5 0 0.5 0 0 0 0 1 0 
17 003001001002959 1 80.1202 70.6467 1 1 3 -1 0 0 0 0 0 -0.5 0 0.5 0 0 0 0 0 1 0 
18 003001001002958 1 79.1202 70.6467 1 1 3 -1 0 0 0 0 0 -0.5 0 0.5 0 0 0 0 0 1 0 
19 003001001002957 1 78.1202 70.6467 1 1 3 -1 0 0 0 0 0 -0.5 0 0.5 0 0 0 0 0 1 0 
20 003001001002956 42 77.1202 70.6467 1 1 3 -1 0 0 0 0 2 0 0 0.5 0 0 0 0 0 1 1 5 
