126836 61046.5 10.2085
126939 61066.2 10.263
127044 61086 10.2957
127149 61105.4 10.1078
127266 61120.4 10.8779
127396 61130 10.716
127496 61141.5 10.9781
127614 61155.7 10.9782
127753 61179.4 10.7237
127861 61189.9 9.95327
127983 61203.9 9.64774
128126 61218.1 9.93725
128288 61236.5 9.73687
128458 61248.9 9.23962
128655 61267.4 8.82319
128754 61282.9 8.88023
128862 61287.5 8.95764
128968 61296.9 8.98241
129170 61311.6 8.48619
129360 61324.8 7.68477
129519 61326.9 7.37304
129655 61327.2 6.73226
129784 61339 6.29394
129899 61343.6 6.17088
130029 61348.2 5.45968
130164 61353.7 3.86971
130275 61340.9 2.84757
130400 61333.8 3.25175
130547 61336.9 3.30445
130700 61329.2 2.95796
130845 61327.2 2.8124
130947 61327.2 2.48577
131059 61329.7 1.68443
131176 61332.4 1.17146
131278 61332 -1.0569
131413 61315 -5.89132
131517 61296.8 -9.25989
131635 61271.1 -14.217
131779 61235.1 -18.8541
131928 61171.7 -22.0046
132013 61113.6 -22.8781
132185 61029.3 -22.2287
132364 60952.7 -20.8584
132541 60882.9 -18.2021
132719 60822.6 -15.7935
132896 60774.8 -11.1248
133080 60738.5 -7.06986
133251 60718.2 -6.26038
133375 60689.8 -3.66929
133476 60673.3 -3.35979
133589 60656.8 -3.40774
133706 60645.6 -3.32385
133807 60644.1 -3.10373
133908 60623.1 -3.1322
134043 60624.4 -2.85469
134187 60613.5 -2.2586
134352 60612.6 -1.96014
134529 60612.5 -2.03766
134724 60597.4 -2.42654
134825 60593 -2.5086
134928 60589.7 -2.49231
135030 60586 -2.80053
135134 60593.4 -2.87143
135338 60562.9 -3.15641
135442 60572.2 -2.87359
135628 60559.7 -3.24364
135780 60557.9 -3.12272
135886 60540.3 -3.3292
136003 60539.9 -3.46853
136132 60546.5 -3.26687
136241 60535.9 -3.07602
136368 60526.2 -3.2032
136470 60515.2 -2.53249
136578 60511.1 -2.41265
