0 0 42 51.078 70.024 0.68 0.68 0 -1 4 0 0 0 2 0 0 0.34 0 0 0 0 0 1 0 
1 0 1 51.758 70.024 0.68 0.68 0 -1 0 0 0 0 0 -0.34 0 0.34 0 0 0 0 0 1 0 
2 0 1 53.118 70.024 0.68 0.68 0 -1 0 0 0 0 0 -0.34 0 0.34 0 0 0 0 0 1 0 
3 0 1 53.798 70.024 0.68 0.68 0 -1 0 0 0 0 0 -0.34 0 0.34 0 0 0 0 0 1 0 
4 0 1 54.478 70.024 0.68 0.68 0 -1 0 0 0 0 0 -0.34 0 0.34 0 0 0 0 0 1 0 
5 0 1 55.158 70.024 0.68 0.68 0 -1 0 0 0 0 0 -0.34 0 0.34 0 0 0 0 0 1 0 
6 0 1 55.838 70.024 0.68 0.68 0 -1 0 0 0 0 0 -0.34 0 0.34 0 0 0 0 0 1 0 
7 0 1 56.518 70.024 0.68 0.68 0 -1 0 0 0 0 0 -0.34 0 0.34 0 0 0 0 0 1 0 
8 0 1 57.198 70.024 0.68 0.68 0 -1 0 0 0 0 0 -0.34 0 0.34 0 0 0 0 0 1 0 
9 0 1 57.878 70.024 0.68 0.68 0 -1 0 0 0 0 0 -0.34 0 0.34 0 0 0 0 0 1 0 
10 0 1 58.558 70.024 0.68 0.68 0 -1 0 0 0 0 0 -0.34 0 0.34 0 0 0 0 0 1 0 
11 0 1 59.238 70.024 0.68 0.68 0 -1 0 0 0 0 0 -0.34 0 0.34 0 0 0 0 0 1 0 
12 0 1 59.918 70.024 0.68 0.68 0 -1 0 0 0 0 0 -0.34 0 0.34 0 0 0 0 0 1 0 
13 0 1 60.598 70.024 0.68 0.68 0 -1 0 0 0 0 0 -0.34 0 0.34 0 0 0 0 0 1 0 
14 0 1 61.278 70.024 0.68 0.68 0 -1 0 0 0 0 0 -0.34 0 0.34 0 0 0 0 0 1 0 
15 0 1 61.958 70.024 0.68 0.68 0 -1 0 0 0 0 0 -0.34 0 0.34 0 0 0 0 0 1 0 
16 0 1 62.638 70.024 0.68 0.68 0 -1 0 0 0 0 0 -0.34 0 0.34 0 0 0 0 0 1 0 
17 0 1 63.318 70.024 0.68 0.68 0 -1 0 0 0 0 0 -0.34 0 0.34 0 0 0 0 0 1 0 
18 0 1 63.998 70.024 0.68 0.68 0 -1 0 0 0 0 0 -0.34 0 0.34 0 0 0 0 0 1 0 
19 0 1 64.678 70.024 0.68 0.68 0 -1 0 0 0 0 0 -0.34 0 0.34 0 0 0 0 0 1 0 
20 0 1 65.358 70.024 0.68 0.68 0 -1 0 0 0 0 0 -0.34 0 0.34 0 0 0 0 0 1 0 
21 0 1 66.038 70.024 0.68 0.68 0 -1 0 0 0 0 0 -0.34 0 0.34 0 0 0 0 0 1 0 
22 0 1 66.718 70.024 0.68 0.68 0 -1 0 0 0 0 0 -0.34 0 0.34 0 0 0 0 0 1 0 
23 0 1 67.398 70.024 0.68 0.68 0 -1 0 0 0 0 0 -0.34 0 0.34 0 0 0 0 0 1 0 
24 0 1 68.078 70.024 0.68 0.68 0 -1 0 1 0 0 1 -0.34 0 0.34 0 0 0 0 0 1 0 
25 0 1 52.438 70.024 0.68 0.68 0 -1 0 0 0 0 0 -0.34 0 0.34 0 0 0 0 0 1 0 
26 0 3 52.438 69.684 0.68 0.68 0 -1 0 2 0 0 0 -0.34 -0.34 0.34 0.34 0 0 0 0 1 0 
27 0 42 51.758 69.344 0.68 0.68 0 -1 4 0 0 0 3 0 0 0.34 0 0 0 0 0 1 0 
